==========================================================================================
                                           Args
==========================================================================================
model: cnn
batch_size: 100
epochs: 10
lr: 0.1
summary: 0
device: cuda:0
manual_seed: 1
==========================================================================================


==========================================================================================
                                    Loading model cnn
==========================================================================================
Iteration: 500. Loss: 0.06467363983392715. Accuracy: 97
Iteration: 1000. Loss: 0.12354244291782379. Accuracy: 98
Iteration: 1500. Loss: 0.03212543576955795. Accuracy: 98
Iteration: 2000. Loss: 0.03643110394477844. Accuracy: 98
Iteration: 2500. Loss: 0.020423317328095436. Accuracy: 98
Iteration: 3000. Loss: 0.0580146461725235. Accuracy: 98
Iteration: 3500. Loss: 0.01593122072517872. Accuracy: 98
Iteration: 4000. Loss: 0.017095711082220078. Accuracy: 98
Iteration: 4500. Loss: 0.008116364479064941. Accuracy: 98
Iteration: 5000. Loss: 0.06736365705728531. Accuracy: 98
Iteration: 5500. Loss: 0.014343935996294022. Accuracy: 98
Iteration: 6000. Loss: 0.005391201935708523. Accuracy: 98