==========================================================================================
                                           Args
==========================================================================================
model: lenet
batch_size: 100
epochs: 10
lr: 0.1
summary: 0
device: cuda:0
manual_seed: 1
==========================================================================================


==========================================================================================
                                   Loading model lenet
==========================================================================================
Iteration: 500. Loss: 0.15131567418575287. Accuracy: 95
Iteration: 1000. Loss: 0.06919589638710022. Accuracy: 97
Iteration: 1500. Loss: 0.066480852663517. Accuracy: 98
Iteration: 2000. Loss: 0.006364019121974707. Accuracy: 98
Iteration: 2500. Loss: 0.03473326191306114. Accuracy: 98
Iteration: 3000. Loss: 0.06479820609092712. Accuracy: 98
Iteration: 3500. Loss: 0.018179040402173996. Accuracy: 98
Iteration: 4000. Loss: 0.030205588787794113. Accuracy: 98
Iteration: 4500. Loss: 0.06009815260767937. Accuracy: 98
Iteration: 5000. Loss: 0.020902447402477264. Accuracy: 98
Iteration: 5500. Loss: 0.004904949106276035. Accuracy: 98
Iteration: 6000. Loss: 0.08833803981542587. Accuracy: 98